gridtype  = lonlat
xsize     = 577
ysize     = 415
xfirst    = -82.5
xinc      = 0.083333333
yfirst    = -21.0
yinc      = 0.083333333
